c1 = 6.8734;
y1 = -6.0770j;
c2 = 0.73634;
y2 = 0.11010j;
c3 = 0.66509
y3 = -1.2090j;
r1 = 1.0;
r2 = 5.4300;

k0_1_3 = c2/(c2 + c3);
k1_1_3 = y2/(c2 + c3);
kf_3 = (y2 + y3 + 1/r2)/(c2 + c3);

k0_3_1 = c2/(c1 + c2);
k1_3_1 = y2/(c1 + c2);
kf_1 = (1/r1 + y1 +y2)/(c1 + c2);
