TITLE: "Third-Order Complex Bandpass"
NMB_BRANCHES: 4
RIN: 1.0
ROUT: 1.0
COMPONENTS:
  - TYPE: "SHC"
    C: 2.236803
    YR: 0.0
    YQ: -2.23683
  - TYPE: "SRC"
    C: 1.104601
    YR: 0.0
    YQ: -0.001025615
  - TYPE: "SRC"
    C: 1.104601
    YR: 0.0
    YQ: -2.208177
  - TYPE: "SHC"
    C: 2.236803
    YR: 0.0
    YQ: -2.23683j
